ID,Longtitude,Latitude
797,-2.999843,53.424148
571,-2.993781,53.408755
122,-2.991553,53.405466
526,-2.990911,53.405022
344,-2.990483,53.418994
87,-2.990279,53.408892
918,-2.990239,53.40785
548,-2.989898,53.408051
556,-2.989898,53.408051
598,-2.989898,53.408051
0,-2.988944,53.405847
463,-2.988944,53.405847
611,-2.988944,53.405847
386,-2.988502,53.406894
626,-2.988502,53.406894
528,-2.988487,53.406903
687,-2.988141,53.402995
726,-2.988141,53.402995
392,-2.988103,53.409135
647,-2.988059,53.440327
318,-2.988047,53.415167
403,-2.98777,53.407115
63,-2.987596,53.406065
282,-2.987596,53.406065
373,-2.987596,53.406065
434,-2.987596,53.406065
435,-2.987596,53.406065
948,-2.987596,53.406065
510,-2.987595,53.406065
708,-2.987595,53.406065
949,-2.987595,53.406065
722,-2.987499,53.406452
451,-2.987409,53.407739
591,-2.987409,53.407739
298,-2.98689,53.406772
846,-2.98689,53.406772
158,-2.986749,53.407825
278,-2.986749,53.407825
570,-2.986749,53.407825
699,-2.986749,53.407825
388,-2.986586,53.406658
689,-2.985449,53.404941
304,-2.985447,53.407494
683,-2.985159,53.403487
817,-2.984843,53.402816
545,-2.984765,53.402061
17,-2.984601,53.40733
935,-2.984133,53.40595
422,-2.983808,53.40233
370,-2.982999,53.402427
404,-2.982774,53.397251
576,-2.982772,53.408244
300,-2.982562,53.401756
717,-2.982384,53.404481
695,-2.98213,53.403881
535,-2.98182,53.404135
607,-2.980587,53.442087
273,-2.980571,53.40348
694,-2.980571,53.40348
116,-2.980357,53.405271
80,-2.980212,53.402899
952,-2.97995,53.405247
399,-2.979727,53.402741
369,-2.979703,53.402984
547,-2.979703,53.402984
625,-2.979703,53.402984
166,-2.979227,53.403213
265,-2.979171,53.402755
317,-2.979078,53.40593
692,-2.978859,53.39509
183,-2.978759,53.406453
724,-2.978469,53.401673
98,-2.97831,53.394753
521,-2.978119,53.393612
848,-2.977896,53.402235
963,-2.977896,53.402235
170,-2.977777,53.409508
572,-2.977777,53.409508
215,-2.977742,53.408636
725,-2.977526,53.403847
812,-2.977438,53.401986
641,-2.97742,53.401816
753,-2.977255,53.404496
688,-2.97723,53.404676
837,-2.97723,53.404676
507,-2.977121,53.409136
494,-2.976776,53.402595
756,-2.976724,53.400977
711,-2.976473,53.40053
366,-2.975725,53.438163
501,-2.974009,53.432263
549,-2.973947,53.427562
219,-2.973433,53.402451
314,-2.973056,53.409663
65,-2.972892,53.435391
642,-2.972835,53.400622
929,-2.972154,53.438678
67,-2.972153,53.438677
228,-2.97198,53.40204
440,-2.97198,53.40204
731,-2.971506,53.381882
987,-2.971074,53.442138
710,-2.971073,53.440808
128,-2.970567,53.402753
686,-2.970508,53.441765
333,-2.970371,53.425173
287,-2.96897,53.420483
750,-2.968764,53.398867
670,-2.9687,53.403316
465,-2.96867,53.425816
427,-2.968289,53.436201
811,-2.96821,53.449281
748,-2.967755,53.445167
933,-2.966732,53.400797
179,-2.966511,53.440764
136,-2.96644,53.417762
754,-2.966435,53.380377
621,-2.966345,53.39698
542,-2.96465,53.462271
482,-2.962798,53.443679
899,-2.962119,53.460952
574,-2.960505,53.394079
312,-2.960436,53.453083
472,-2.959008,53.423134
412,-2.957276,53.406375
527,-2.957139,53.415644
533,-2.956274,53.42739
437,-2.955637,53.428527
492,-2.953924,53.46625
509,-2.952526,53.440796
490,-2.951598,53.377045
486,-2.951267,53.416113
112,-2.950192,53.411097
972,-2.949183,53.392147
816,-2.949175,53.472166
489,-2.948439,53.39725
704,-2.948327,53.42126
364,-2.948159,53.428614
487,-2.94803,53.397775
471,-2.947892,53.467331
44,-2.946645,53.380769
639,-2.946539,53.411899
921,-2.945358,53.429904
174,-2.944225,53.382173
374,-2.944225,53.382173
89,-2.943161,53.41224
58,-2.942062,53.424438
500,-2.939316,53.46846
550,-2.938546,53.450641
540,-2.938285,53.374561
64,-2.937512,53.426271
367,-2.936969,53.365969
593,-2.936438,53.42397
602,-2.935493,53.397361
167,-2.932996,53.391861
953,-2.932996,53.391861
406,-2.932631,53.434274
436,-2.931945,53.424967
564,-2.931649,53.426571
513,-2.931134,53.390609
763,-2.929812,53.468543
385,-2.928878,53.443723
830,-2.925768,53.389976
347,-2.923261,53.360332
8,-2.920502,53.398889
120,-2.919106,53.364131
441,-2.918896,53.389292
71,-2.917909,53.398612
523,-2.916586,53.402128
907,-2.916238,53.427246
796,-2.916231,53.410832
633,-2.915917,53.378717
666,-2.915845,53.398466
522,-2.915753,53.417973
78,-2.915637,53.397164
942,-2.915067,53.42249
578,-2.914933,53.415552
587,-2.914666,53.410799
315,-2.914232,53.406685
180,-2.912412,53.432021
869,-2.911137,53.425873
277,-2.911024,53.413542
709,-2.910515,53.432674
940,-2.907386,53.385416
749,-2.907029,53.415289
429,-2.903767,53.451619
552,-2.903767,53.451619
742,-2.902747,53.415599
227,-2.901172,53.354595
577,-2.898955,53.354216
258,-2.898875,53.353956
28,-2.897549,53.4031
721,-2.897468,53.366381
182,-2.897431,53.427505
169,-2.897042,53.416901
129,-2.896897,53.405693
248,-2.896709,53.355986
563,-2.895598,53.356039
561,-2.894007,53.35615
821,-2.893286,53.408516
868,-2.889928,53.403337
988,-2.884847,53.359985
25,-2.882729,53.351317
1,-2.880683,53.394884
555,-2.87791,53.376315
544,-2.87699,53.431729
297,-2.87439,53.426777
288,-2.874346,53.415829
247,-2.872939,53.372145
155,-2.869087,53.374114
744,-2.86365,53.360221
682,-2.863267,53.382921
567,-2.863201,53.384081
551,-2.861671,53.390995
311,-2.857981,53.343579
349,-2.856358,53.349505
351,-2.855936,53.359962
60,-2.855199,53.390691
866,-2.854942,53.337317
104,-2.853034,53.373403
