start,finish,distance
404,364,0.26
404,366,1.73
404,369,2.77
404,370,1.41
404,373,2.11
404,385,1.61
404,641,0.74
404,699,0.77
412,404,2.89
412,427,0.39
412,429,0.37
412,489,2.43
412,490,1.27
412,492,1.5
412,521,0.54
412,526,0.52
412,551,1.4
412,552,1.81
412,572,0.34
412,699,1.02
427,404,1.32
427,412,1.77
427,429,1.07
427,489,1.03
427,463,2.91
427,465,2.53
427,471,1.76
427,694,0.8
427,699,0.32
429,942,2.72
429,948,1.68
489,404,0.39
489,412,0.57
489,427,2.91
489,429,2.54
489,647,2.89
489,686,2.26
489,687,1.4
489,688,1.49
489,694,1.49
489,699,2.61
490,71,2.89
490,78,0.79
490,98,2.71
490,104,1.45
490,116,0.68
490,695,1.83
490,708,1.63
490,709,2.43
490,710,1.41
490,717,2.95
490,721,0.6
490,722,2.09
490,724,2.15
490,731,2.26
490,742,1.6
490,744,2.98
490,763,2.6
492,373,1.92
492,385,0.68
492,392,1.59
492,399,1.46
492,406,2.98
521,749,1.52
521,750,1.14
521,753,2.56
521,754,2.19
521,567,0.52
521,576,2.11
521,577,0.62
521,578,0.67
521,587,0.27
521,670,0.7
521,683,0.84
521,699,1.29
526,404,2.01
526,412,0.49
526,427,0.85
526,429,2.36
533,816,1.15
533,821,2.06
533,830,2.5
533,837,2
533,868,0.88
533,869,1.37
533,626,0.9
533,633,1.69
533,639,1.69
533,641,0.66
533,642,2.43
533,647,3
564,403,1.83
564,487,1.41
570,686,0.41
570,687,1.06
570,688,2.82
570,694,1.04
570,699,2.71
571,404,2.19
571,412,1.38
571,427,3
571,621,1.28
571,626,2.87
571,642,0.78
571,647,1.89
571,686,1.72
571,699,2.68
602,404,1.23
602,412,0.92
602,427,3
602,633,1.7
602,639,2.23
602,641,0.83
602,642,2.89
602,688,1.19
602,694,0.35
602,699,0.8
625,404,0.57
625,412,1.9
625,427,0.71
625,429,1.36
625,489,0.24
625,687,0.88
625,688,1.04
625,694,0.84
625,699,1.14
626,404,2.31
626,510,1.19
626,522,1.39
626,523,1.76
626,527,0.33
626,528,0.48
626,642,1.3
626,647,2.25
626,686,0.72
626,687,0.44
626,688,1.61
626,694,0.45
626,699,0.95
641,688,1.96
641,694,2.83
641,699,0.92
666,404,1.54
682,492,0.51
682,494,2.78
682,507,0.93
682,510,2.67
682,688,2.46
682,694,2.73
682,699,2.98
683,404,0.25
683,688,0.64
683,694,0.89
683,699,2.13
688,182,1.68
688,183,2.17
688,227,2.47
688,247,1.65
688,248,1.59
688,0,2.09
688,17,1.69
688,25,0.79
688,60,1.85
688,63,2.06
688,64,1.62
688,298,1.09
688,315,1.14
688,317,0.79
688,333,2.4
688,528,1.96
688,535,1.49
688,542,2.41
688,549,1.66
688,694,2.44
688,699,1.57
689,404,1.86
689,412,2.84
689,427,1.21
689,429,1.35
689,489,0.93
689,490,2.69
689,492,2.75
689,521,2.52
689,526,0.4
689,533,1.67
689,564,0.37
689,570,1.47
689,571,0.76
689,602,1.26
689,625,0.27
689,626,0.83
689,641,0.59
689,699,1.4
704,404,1.25
704,412,2.28
704,427,2.12
704,523,2.33
704,694,2.38
704,699,1.86
711,404,2.44
711,412,2.71
711,686,0.94
711,687,0.24
711,688,2.3
711,694,2.35
711,699,1.6
725,686,1.95
725,687,0.98
725,688,1.86
725,694,0.95
725,699,0.49
726,404,2.81
726,412,1.95
726,427,1.53
726,572,2.14
726,574,0.51
726,591,1.85
726,593,0.55
726,694,2.17
726,699,2.81
748,404,2.32
748,412,0.72
748,427,2.66
748,687,2.92
748,688,1.38
748,694,2.15
748,699,0.66
749,404,1.1
749,412,2.6
749,427,0.75
749,429,1.67
749,489,2.74
749,694,0.75
749,699,1.21
750,404,2.51
750,412,1.66
750,427,1.18
750,647,1.22
750,686,1.54
750,687,2.49
750,699,2.28
753,404,1.32
753,412,1.15
753,427,0.78
753,686,0.23
753,687,2.49
753,688,0.43
753,694,2.86
753,699,1.03
754,542,1.04
754,549,0.51
754,550,1.93
754,551,1.5
754,699,0.83
756,404,1.21
756,412,1.15
756,427,0.67
756,429,1.84
756,542,1.15
756,549,2.04
756,550,2.07
756,686,0.88
756,687,1.76
756,688,0.68
756,694,2.62
756,699,1.96
763,404,1.65
763,412,0.83
763,427,0.61
763,429,2.05
763,694,1.47
763,699,1.5
796,404,1.92
796,412,2.46
796,427,2.25
796,429,0.57
796,542,1.06
796,549,2.05
796,550,0.37
796,551,1.38
796,694,1.96
796,699,1.58
797,404,1.8
797,412,2.31
797,427,2.02
797,686,1.15
797,687,2.48
797,688,1.86
797,694,1.88
797,699,2.21
811,404,1.27
811,412,0.28
811,427,0.45
811,429,0.44
811,489,0.23
811,490,0.73
811,621,1.64
811,626,1.94
811,633,1.03
811,688,2.33
811,694,1.02
811,699,3
812,404,2.07
812,412,0.87
812,427,2.87
812,429,2.97
812,611,1.26
812,621,2.62
812,626,1.77
812,647,0.26
812,686,2.96
812,687,1.23
812,688,1.9
812,694,0.66
812,699,1.16
816,404,0.66
816,412,2.47
816,427,2.98
816,429,2.45
816,550,2.74
816,551,0.23
816,552,2.83
816,572,2.59
816,574,2.23
816,688,0.66
816,694,2.25
816,699,1.19
821,404,2.21
821,412,1.23
821,641,2.77
821,642,0.59
821,647,1.32
821,686,0.21
821,687,1.53
821,688,2.69
821,694,0.51
821,699,0.86
830,404,2.78
830,412,1.26
830,694,2.88
830,699,1.31
837,686,2.25
837,687,2.24
837,688,2.91
837,694,0.21
837,699,1.03
868,404,0.58
868,412,2.09
868,427,1.1
868,429,0.96
868,351,2.52
868,367,2.94
868,374,1.37
868,688,2.74
868,694,1.93
868,699,1.94
869,404,1.27
869,412,0.78
869,427,0.4
869,699,1.52
921,404,0.83
921,412,2.14
921,427,0.31
921,429,2.79
921,647,2.97
921,686,2.93
921,687,2.45
921,688,2.65
921,694,0.71
921,699,0.56
929,347,2.07
929,349,2.64
929,351,0.72
929,367,2.72
929,374,1.47
929,687,2.69
929,688,1.7
929,694,1.29
929,699,0.6
935,404,2.6
935,412,2.9
935,427,1.21
935,429,2.15
935,489,0.29
935,490,0.72
935,492,2.09
935,228,0.22
935,248,2.31
935,258,1.24
935,265,0.63
935,688,2.06
935,694,1.85
935,699,0.74
942,642,1.98
942,647,2.73
942,686,0.27
942,687,1.12
942,699,2.73
948,404,0.64
948,412,1.48
948,427,1.08
948,429,2.03
948,489,1.17
949,406,0.95
949,422,1.3
949,434,2.58
949,435,1.34
949,436,2.72
949,437,0.53
949,699,2.89
952,404,2.82
952,412,1.37
952,427,0.71
952,688,0.49
952,694,2.25
952,699,2.01
963,403,1.81
963,451,2.47
963,463,1.77
963,465,1.94
963,694,0.55
963,699,2.36
972,404,1.1
972,412,2.78
972,427,1.07
972,552,2.93
972,572,0.52
972,574,2.16
972,591,1.17
972,687,0.26
972,688,0.85
972,694,1.72
972,699,0.9
987,404,2.7
987,412,1.93
987,427,2.11
988,182,2.99
988,183,0.93
988,227,2.15
988,247,2.7
988,699,3
1,682,0.34
1,683,2.81
1,688,1.96
1,689,2.89
1,704,1.24
1,711,2.62
1,725,1.28
1,726,0.94
1,748,2.89
1,749,2.47
1,750,2.02
1,753,1.33
1,754,0.23
1,756,1.6
1,763,1.04
1,796,1.69
1,797,1.94
1,811,2.89
1,812,1.11
1,816,1.65
1,821,2.26
1,122,2.04
1,166,1.64
1,167,2.05
1,179,1.64
1,182,2.34
1,183,1.65
1,227,2.84
1,247,0.33
1,248,0.99
1,273,2.58
8,404,1.49
8,412,2.76
8,427,1.16
8,429,2.65
8,489,0.91
8,490,2.69
8,492,1.86
8,521,2.62
8,526,1.1
28,688,2.97
28,689,2.76
28,704,1.78
28,711,2.31
28,725,1.4
28,726,1.96
28,748,1.69
28,749,2.25
28,750,0.48
28,753,0.26
28,754,1.14
28,756,1.91
28,763,2.57
28,796,2.74
28,797,1.89
28,811,1.11
28,812,1.34
28,816,1.16
28,821,0.73
28,830,0.52
28,699,2.15
44,404,2.37
44,412,0.86
44,427,0.79
44,429,2.73
44,489,2.75
44,490,2.54
44,492,2.04
44,521,0.44
44,526,0.32
44,533,1.9
44,564,0.35
44,570,2.97
44,571,0.99
44,602,1.05
44,598,1.15
44,607,2.2
44,611,1.19
44,621,1.14
44,626,0.55
58,490,2.3
58,492,0.54
58,521,1.58
58,526,0.46
58,533,1.84
58,564,2.75
58,570,1.58
58,571,0.94
58,602,2.44
58,625,1.14
58,949,0.47
58,952,1.26
58,963,1.98
58,972,1.57
58,987,0.9
58,988,1.41
58,1,0.69
58,8,0.25
58,28,1.47
58,44,2.14
58,64,0.35
58,65,2.05
58,67,2.86
64,816,0.82
64,821,2.82
64,830,0.37
64,837,1.08
64,868,1.11
64,987,2.03
64,988,2.66
64,1,1.13
64,8,2.36
64,28,1.5
64,44,0.31
64,179,0.86
64,182,2.1
64,183,1.49
64,227,0.86
64,369,1.77
64,370,1.15
64,373,0.23
64,385,2.08
64,392,1.86
64,399,1.09
64,406,0.47
64,509,2.61
64,513,1.36
64,540,1.77
64,564,2.91
64,567,1.98
64,576,1.13
64,709,2.49
64,710,2.55
64,717,0.85
64,721,1.18
64,688,0.96
64,694,1.76
64,699,1.04
65,816,0.99
65,821,0.38
65,830,2
65,837,2.5
65,868,1.6
65,869,0.23
65,921,0.96
65,929,2.43
65,422,2.21
65,434,1.39
65,435,2.39
65,436,0.77
65,437,1.99
65,722,1.51
65,724,0.43
65,731,1.05
65,742,1.32
65,744,0.3
65,699,1.4
67,404,2.28
67,412,0.51
67,848,2.96
67,866,0.49
67,899,2.13
67,907,1.68
67,918,2.77
67,933,2.94
67,940,1.06
67,639,1.26
67,641,1.23
67,642,0.8
67,647,2.78
67,686,0.26
67,687,0.87
67,688,1.46
67,694,2.84
67,699,0.26
71,404,0.98
71,412,1.47
71,427,2.43
71,429,0.47
71,489,1.33
71,490,1.06
71,492,2.49
71,277,2.61
71,278,1.47
71,282,1.47
71,287,1.7
71,463,0.48
71,465,2.01
71,471,0.67
71,472,1.1
71,482,0.59
71,486,1.74
71,487,2.05
71,492,1.57
71,494,2.9
78,564,1.4
78,570,0.49
78,571,0.45
78,704,1.14
78,711,1.89
78,725,2.11
78,726,1.61
78,748,2.45
78,749,2.45
78,750,1.78
78,753,2.14
78,215,2.68
78,219,2.37
78,228,1.23
78,248,2.97
78,258,1.19
78,265,0.96
78,277,1.34
78,278,1.68
78,282,0.2
78,287,2.31
78,688,2.82
78,694,1.77
78,699,1.81
98,404,1.75
98,412,1.57
98,427,0.92
98,429,2.04
98,577,0.92
98,578,2.57
98,587,1.44
98,670,0.93
98,128,2.53
98,129,0.97
98,136,2.54
98,155,2.07
98,158,0.45
98,169,2.3
98,170,2.75
98,174,0.73
98,523,0.54
98,527,0.36
98,528,2.73
98,535,0.49
98,542,0.83
98,549,2.64
98,550,1.16
104,489,2.9
104,490,0.75
104,492,1.61
104,521,0.83
104,526,0.44
104,533,1.87
104,564,0.81
104,570,1.87
104,571,2.12
104,576,2.19
104,577,2.58
104,578,2.6
104,587,0.88
104,670,2.45
104,683,0.62
104,688,1.53
104,128,1.99
104,129,1.16
104,136,2.53
104,155,0.25
104,158,0.78
104,169,1.04
104,170,0.82
104,174,1.08
104,180,0.66
104,215,0.66
104,219,2.12
104,228,2.99
104,248,0.68
116,942,1.27
116,948,2.02
116,949,2.45
116,952,2.81
116,963,1.54
116,972,2.89
116,441,1.02
116,500,1.83
116,501,1.33
116,509,2.47
116,513,0.67
116,540,2.49
116,544,1.28
116,545,0.42
116,547,2.94
116,692,2.87
116,695,2.9
116,708,2.97
116,709,1.42
116,710,1.52
116,940,2.9
116,953,0.91
116,0,0.3
116,298,2.49
116,315,1.74
116,317,1.06
116,333,2.09
116,347,2.6
116,639,2.03
116,641,0.47
116,642,2.51
116,688,0.32
116,694,1.74
116,699,2.87
122,404,1.41
122,412,1.88
122,427,0.82
122,429,0.68
122,489,1.02
122,490,2.22
122,492,0.24
122,521,1.87
122,526,2.7
122,533,1.84
122,564,2.15
122,570,2.91
122,571,2.44
122,602,0.28
122,625,0.44
122,626,2.66
122,641,0.39
122,666,1.55
122,682,0.77
122,683,1.14
122,688,1.52
122,689,0.7
122,704,2.04
122,711,1.91
122,725,0.27
122,726,1.93
122,748,0.92
122,749,1.02
122,750,2.37
122,753,0.92
122,754,2.86
122,756,1.97
122,763,2.37
122,796,1.53
122,797,2.79
122,811,0.5
122,812,1.27
122,816,2.31
122,821,0.24
122,830,0.98
122,837,2.35
122,868,0.65
122,869,1.19
122,921,2.53
122,929,2.08
122,935,0.29
122,942,0.86
122,948,2.79
122,949,1.38
122,952,2.83
122,963,0.99
122,972,2.34
122,987,0.8
122,988,2.63
122,1,2.5
122,8,1.42
122,28,1.91
122,44,2.17
122,58,1.65
122,64,2.94
122,65,1.05
122,67,2.74
122,71,1.03
122,78,2.19
122,98,0.61
122,104,1.57
122,116,1.46
122,166,2.49
122,167,1.37
122,179,0.75
122,182,0.3
122,183,0.64
122,227,1.07
122,247,2.94
122,248,1.7
122,273,1.26
122,297,2.28
122,300,2.1
122,304,2.24
122,311,0.76
122,312,1.12
122,314,2.97
122,318,2.52
122,344,0.3
122,364,2.09
122,366,2.08
122,369,2.7
122,370,2.39
122,373,2.66
122,385,2.95
122,392,1.44
122,399,2.79
122,406,1.05
122,422,1.25
122,434,2.59
122,435,1.86
122,436,1.74
122,437,0.43
122,440,1.44
122,441,2.81
122,500,1.48
122,501,2.6
122,509,2.69
122,513,1.77
122,540,2.85
122,544,1.67
122,545,2.34
122,547,1.74
122,548,1.21
122,555,1.15
122,556,1.24
122,561,2.49
122,563,1.71
122,564,0.54
122,567,1.07
122,576,1.25
122,577,2.98
122,578,2.04
122,587,1.06
122,670,2.61
122,683,1.21
122,688,1.08
122,692,1
122,695,1.05
122,708,0.56
122,709,2.91
122,710,2.2
122,717,0.57
122,721,1.79
122,722,0.5
122,724,0.63
122,731,1.46
122,742,2.84
122,744,0.92
122,763,0.54
122,796,1.7
122,817,2.91
122,846,1.87
122,848,0.59
122,866,1.96
122,899,1.59
122,907,2.59
122,918,0.43
122,933,2.78
122,940,1.59
122,953,1.45
122,0,2.29
122,17,2.58
122,25,0.87
122,60,2.7
122,63,2.06
122,64,1.86
122,80,2.3
122,87,1.34
122,89,0.82
122,112,2.55
122,120,1.64
122,122,2.57
122,128,2.85
122,129,2.46
122,136,1.44
122,155,2.45
122,158,0.48
122,169,1.64
122,170,0.35
122,174,0.26
122,180,1.65
122,215,0.98
122,219,2.86
122,228,0.29
122,248,2.08
122,258,1.6
122,265,1.56
122,277,0.33
122,278,3
122,282,2.08
122,287,2.35
122,288,0.43
122,298,1.58
122,315,2.5
122,317,1.26
122,333,1.64
122,347,0.48
122,349,0.34
122,351,0.23
122,367,2.68
122,374,1.42
122,386,2.89
122,388,2.45
122,403,0.77
122,451,1.99
122,463,0.43
122,465,1.46
122,471,1.43
122,472,2.01
122,482,0.77
122,486,2.81
122,487,2.26
122,492,2.48
122,494,2.43
122,507,0.54
122,510,1.62
122,522,2.17
122,523,2.27
122,527,2.18
122,528,2.36
122,535,0.47
122,542,0.92
122,549,1.08
122,550,2.19
122,551,0.9
122,552,0.58
122,572,2.73
122,574,1.63
122,591,1.37
122,593,0.68
122,598,1.32
122,607,1.41
122,611,1.95
122,621,2.64
122,626,1.91
122,633,0.63
122,639,2.07
122,641,1.31
122,642,1.13
122,647,1.11
122,686,1.27
122,687,2.43
122,688,2.34
122,694,1.39
122,699,0.68
166,404,1.37
166,412,0.58
166,688,2.03
166,689,0.36
166,704,1.44
166,816,1.72
166,821,1.64
166,830,0.49
166,837,1.65
166,868,2.1
166,972,2.78
166,67,1.12
166,311,1.74
166,312,1.68
166,699,2.45
167,404,0.9
167,412,0.66
167,427,0.43
167,837,2.44
167,868,2.94
167,869,2.4
167,921,0.26
167,929,0.95
167,935,2.51
167,942,2.24
167,647,2.41
167,686,0.55
167,687,1.05
167,688,1.97
167,694,2.26
167,699,0.51
179,128,2.7
179,129,2.68
179,136,1.7
179,155,1.24
179,158,1.4
179,169,2.29
179,523,2.35
179,527,0.74
179,528,0.59
179,535,2.46
179,542,2.29
179,549,2.47
179,550,2.7
179,551,0.22
179,552,0.2
182,404,1.13
182,412,2.35
182,427,1.26
182,429,3
182,489,0.74
182,523,1.04
182,527,0.64
182,699,2.84
183,404,0.51
183,287,2.3
183,288,1.41
183,298,2.32
183,574,2.91
183,591,1.05
183,593,1.49
183,598,2.03
183,607,1.67
183,687,0.34
183,688,2.61
183,694,2.29
183,699,2.52
227,404,1.01
227,412,2.94
227,688,0.54
227,692,2.72
247,182,1.77
247,406,0.93
247,694,1.39
247,699,1.88
248,695,1.7
248,708,0.95
248,709,1.69
248,710,1.72
248,717,1.77
248,721,0.3
273,404,2.09
273,412,2.16
273,427,2.01
273,429,0.74
273,489,0.36
273,490,2.63
273,385,1.44
273,392,2.23
273,399,1.62
273,406,2.95
273,422,2.16
273,434,2.17
273,435,0.99
273,436,2.22
273,563,1.05
273,564,2.23
273,567,0.94
273,576,2.8
273,122,0.67
273,128,1.69
273,129,0.4
273,136,1.58
273,155,1.03
273,158,0.53
273,169,2.04
273,170,2.91
273,174,1.44
273,180,0.9
273,215,2.46
273,317,1.04
273,333,0.67
273,347,1.77
273,699,0.67
297,404,1.07
297,412,0.27
297,427,2.73
297,429,2.7
297,489,0.21
297,490,1.89
297,578,0.27
297,587,1.46
297,670,2.43
297,683,0.46
297,688,1.96
297,692,1.38
297,695,2.43
297,708,1.86
297,709,2.7
297,472,2.76
297,482,1.29
297,486,1.71
297,487,0.34
297,492,1.82
297,494,2.95
297,507,0.91
297,611,2.88
297,621,2.45
297,626,0.68
297,633,0.22
297,639,1.9
297,641,2.1
297,642,1.07
297,647,1.78
297,686,0.97
297,687,2.81
297,688,0.29
297,694,0.78
297,699,0.68
300,683,2.99
300,688,2.31
300,689,0.58
300,704,2.15
300,711,2.45
300,725,1.07
300,726,2.31
300,215,1.9
300,219,2.25
300,228,2.18
300,248,2.08
300,258,1
300,265,1.14
300,277,0.68
300,278,2.02
300,694,2.1
300,699,2.56
304,404,2.14
304,412,2.42
304,427,1.58
304,429,1.81
304,489,0.81
304,471,1.64
304,472,1.9
304,482,1.6
304,486,0.89
304,487,2.79
304,492,1.79
304,694,1.49
304,699,0.85
311,347,0.47
311,349,2.95
311,351,2.67
311,367,2.91
311,374,0.33
311,386,2.26
311,591,2.27
311,593,0.85
311,598,1.97
311,607,0.78
311,611,2.56
311,621,2.44
311,687,2.45
311,688,2.16
311,694,1.4
311,699,2.05
312,404,1.99
312,412,2.67
312,427,0.33
312,429,1.73
312,489,0.21
312,593,1.89
312,598,2.06
312,607,2.6
312,611,0.48
312,621,0.48
312,626,1.15
312,633,1.85
314,465,1.56
314,471,2.99
314,472,0.38
314,482,1.56
314,486,0.27
314,487,2.83
314,492,2.43
314,699,1.09
318,404,1.79
318,412,1.67
318,551,1.31
318,552,2.77
318,572,2.73
318,574,1.56
318,694,1.92
318,699,2.27
344,670,0.54
344,683,1.13
344,688,2.45
344,692,1.74
344,695,1.65
344,708,2.74
344,709,0.32
344,591,1.58
344,593,1.78
344,598,0.43
344,607,2.4
344,611,1.84
344,621,1.31
344,626,1.66
364,987,0.78
364,988,2.91
364,1,2.84
364,8,2.86
364,28,0.36
364,547,2.61
364,548,1.78
364,555,2.92
364,556,2.69
364,561,2.09
364,686,2.1
364,687,0.21
364,688,1.54
364,694,1.22
364,699,2.17
366,404,2.72
366,112,2.43
366,120,2.35
366,122,1.7
366,282,1.25
366,287,2.56
366,288,0.49
366,699,0.63
369,587,0.41
369,670,2.83
369,683,0.77
369,688,2.42
369,692,0.32
369,333,1.87
369,347,0.35
369,349,2.51
369,351,0.26
369,367,0.5
369,374,0.85
369,386,1.31
369,388,0.89
369,403,2.58
370,641,2.27
370,666,1.2
370,682,2.61
370,683,2.24
370,688,2.15
370,689,2.99
370,704,2.1
370,699,1.47
373,364,0.83
373,366,1.49
373,369,2.26
373,370,2.76
373,385,1.74
373,403,2.79
373,451,1.15
373,463,2.51
373,465,1.9
373,551,1.89
373,552,0.59
373,572,1.78
373,574,2.63
373,591,0.7
373,699,2.12
385,404,0.62
385,412,0.24
385,427,1.1
385,429,1.95
385,486,2.99
385,487,0.87
385,492,2.31
385,494,2.72
385,507,0.51
385,510,1.5
385,522,1.88
385,523,0.36
385,699,1.67
392,465,0.78
392,471,2.08
392,472,2.89
392,482,2.29
392,486,1.25
392,487,2.17
392,492,1.59
392,494,1.5
392,507,1.49
392,510,2.93
392,699,1.55
399,404,2.02
399,412,1.54
399,427,0.76
399,429,2.53
399,686,0.92
399,687,1.5
399,688,0.34
399,694,0.49
399,699,0.77
406,404,0.38
406,412,0.74
406,427,0.5
406,429,0.62
406,489,1.87
406,688,0.93
406,694,2.58
406,699,0.95
422,404,2.31
422,412,0.33
422,686,0.89
422,687,0.87
422,688,0.32
422,694,1.51
422,699,0.6
434,404,2.92
434,412,2.58
434,427,1.08
434,429,0.36
434,489,0.48
434,490,0.44
434,492,2.94
434,694,2.58
434,699,1.33
435,404,1.34
435,412,1.84
435,427,2.76
436,687,2.25
436,688,0.81
436,694,1.85
436,699,0.65
437,404,2.5
437,412,1.34
437,694,0.29
437,699,0.66
440,694,1.96
440,699,2.7
441,404,2.16
441,412,2.12
441,427,2.84
441,429,0.77
441,489,0.97
441,490,2.08
441,492,0.43
500,404,1.06
500,412,2.45
500,427,2.88
500,429,1.68
500,347,2.9
500,349,2.16
500,351,0.74
500,694,0.94
500,699,1.6
501,593,2.5
501,598,2.32
501,607,2.25
501,611,2.72
501,621,2.47
501,626,2.39
501,633,2.82
501,639,2.2
501,641,1.17
501,642,1.54
501,647,0.67
501,686,0.98
501,687,0.44
501,688,0.73
501,694,1.52
501,699,1.05
509,404,1.5
509,412,2.83
509,427,2.56
509,429,1.86
509,489,1.98
509,490,1.77
509,492,2.54
509,521,1.05
513,404,2.92
513,412,2.89
513,427,0.52
513,429,2.88
513,699,1.4
540,404,2.63
540,412,0.27
540,427,2.48
540,429,1.89
540,489,2.91
540,686,2.62
540,687,2.95
540,688,1.22
544,404,0.21
544,412,2.06
544,427,0.69
544,429,1.24
544,489,0.29
544,552,0.44
544,572,2.72
544,574,1.55
544,591,0.47
544,593,2.58
544,598,2.34
544,688,2.27
544,694,2.31
544,699,2.84
545,621,1.06
545,626,1.06
545,633,1.56
545,688,0.86
545,694,1.38
545,699,1.91
547,404,2.33
547,412,1.19
547,427,2.72
547,429,2.9
547,489,1.88
547,490,1.32
547,492,1.05
548,404,2.08
548,412,1.94
548,427,0.95
548,694,2.64
548,699,0.37
555,404,1.99
555,412,0.59
555,427,2.65
555,429,0.58
555,489,1.34
556,540,0.75
556,544,1.99
556,545,0.69
556,547,2.77
556,548,2.55
556,555,0.42
556,742,0.21
556,744,1.89
556,763,0.71
556,796,0.2
556,817,2.42
556,846,2.64
556,219,2.03
556,228,0.66
556,248,0.81
556,258,2.94
556,265,2.74
556,277,2.12
556,278,0.44
556,482,1.17
556,486,0.95
556,487,0.52
556,492,1.41
556,494,2.55
556,507,2.28
556,510,0.5
561,830,2.95
561,837,0.24
561,868,0.89
561,869,2.9
561,921,0.97
561,929,2.75
561,935,1.53
561,942,2.47
561,437,1.93
561,440,1.16
561,441,1
561,500,1.7
561,501,0.89
561,509,2.08
561,695,2.43
561,708,0.27
561,709,1.68
561,710,0.56
561,717,2.87
561,721,2.4
561,722,2.51
561,724,2.34
561,80,1.46
561,87,1.5
561,89,1.49
561,112,1.02
561,120,1.61
561,122,0.72
561,128,2.68
561,129,1.55
561,136,2.5
561,155,2.55
561,158,1.21
561,169,0.23
561,170,1.88
561,174,1.99
561,180,2.39
563,688,2.98
563,689,1.57
563,704,2.12
563,711,2.87
563,725,2.42
563,726,2.41
563,748,2.83
563,749,3
564,412,0.75
564,427,2.03
564,429,0.77
564,489,0.84
564,490,2.5
564,492,2.96
564,521,2.63
567,816,1.71
567,821,2.12
567,830,0.59
567,837,2.37
567,868,2.5
567,869,0.26
567,899,0.84
567,907,2.58
567,918,1.47
567,933,2.79
567,940,1.82
567,953,1.92
576,404,2.76
576,412,2.15
576,427,2.9
576,429,2.96
576,489,1.31
576,490,2.74
576,694,2.42
576,699,1.81
577,688,0.84
577,694,0.97
577,699,0.7
578,404,2.42
578,412,2.1
578,427,2.41
578,429,1.13
578,489,1.67
578,641,0.25
578,642,0.51
578,647,1.05
578,686,2.31
578,687,0.26
578,688,1.06
578,694,1.2
578,699,2.76
587,404,2.53
587,412,0.96
587,427,1.72
587,641,1.39
587,642,2.91
587,647,1.5
587,686,1.01
587,687,2.44
587,688,1.6
587,694,0.67
587,699,1.68
670,639,0.93
670,641,1.99
670,642,1.35
670,647,0.35
670,686,0.74
670,687,2.28
670,688,1.96
670,694,0.41
670,699,1.18
683,404,2.61
683,412,2.37
683,427,1.31
683,694,0.74
683,699,0.83
688,404,1.55
688,412,1.18
688,427,2.42
688,647,0.77
692,404,1.59
692,412,1.67
692,427,1.03
692,641,2.37
692,642,1.01
692,647,2.05
692,686,1.52
692,687,0.73
692,688,2.35
692,694,0.97
692,699,2.23
695,404,1.31
695,412,1.58
695,427,1.08
695,694,1.1
695,699,0.37
708,404,1.98
709,687,2.14
709,688,1.69
709,694,1.57
709,699,1.93
710,404,2.81
710,412,2.57
710,427,2.23
710,694,0.66
710,699,1.31
717,404,1.9
717,412,1.43
717,427,2.96
717,699,0.48
721,404,1.72
721,412,1.39
721,626,2.07
721,633,1.47
721,639,1.41
721,641,2.72
721,642,2.99
721,647,0.68
721,688,0.94
721,694,0.91
721,699,2.29
722,404,1.12
722,412,0.5
722,687,1.19
722,688,0.4
722,694,1.69
722,699,2.31
724,404,0.21
724,412,1.41
724,528,2.25
724,535,1.22
724,542,1.44
724,549,1.46
724,550,0.61
724,694,2.87
724,699,0.94
731,440,1.44
731,441,2.66
731,500,1.14
731,174,3
731,180,2.43
731,215,1.51
731,219,1.47
731,528,1.09
731,535,0.91
731,542,1.59
731,549,0.37
731,694,1.61
731,699,0.52
742,404,0.76
742,412,1.87
742,427,0.58
744,104,2.11
744,116,1.82
744,122,1.79
744,166,0.2
744,167,0.67
744,179,0.67
744,182,2.59
744,694,1.18
744,699,2.35
763,404,2.36
763,412,2.88
763,427,3
763,374,1.11
763,386,1.42
763,388,2.6
763,699,2.35
796,404,2.17
796,412,0.28
796,687,1.42
796,688,0.73
796,694,1.48
796,699,0.25
817,688,2.35
817,692,1.68
817,695,2.37
817,708,0.63
817,699,1.9
846,404,1.71
846,412,1.88
846,427,2.37
846,429,1.25
846,489,1.96
846,639,2.23
846,641,2.26
846,642,1.07
846,647,2.82
846,686,1.45
846,699,0.42
848,404,0.29
848,412,2.44
848,621,1.88
848,626,1.96
848,699,0.55
866,404,0.85
866,412,2.58
866,633,1.68
866,639,1.17
866,641,1.77
866,642,1.24
866,647,0.92
866,699,0.95
899,404,1.36
899,412,1.41
899,427,2.19
907,273,2.7
907,297,1.52
907,300,1.23
907,304,2.88
907,744,2.37
907,763,2.44
907,796,0.96
907,817,0.65
907,846,2.3
907,848,2.07
907,642,0.88
907,647,1.57
907,686,2.85
907,687,2.16
907,688,0.26
907,694,1.55
907,699,0.89
918,598,2.93
918,607,0.77
918,611,2.43
918,621,0.51
918,699,2.13
933,404,2.79
933,412,2.84
933,427,0.58
933,549,0.75
933,550,2.82
933,551,1.11
933,552,1.71
933,687,2.65
933,688,0.65
933,694,0.73
933,699,1.24
940,486,2.28
940,487,2.74
940,492,1.74
940,598,1.88
940,607,1.69
940,699,1.14
953,404,0.27
953,412,1.86
953,687,1.84
953,688,1.68
953,694,2.18
953,699,1.9
0,404,1.05
0,412,2.88
0,427,2.83
0,429,1.89
0,489,1.51
0,724,1.34
0,731,0.42
0,742,1.66
0,744,0.89
0,763,1.87
0,174,2.73
0,180,2.94
0,215,2.45
0,219,0.5
0,228,0.27
0,248,0.79
0,258,1.64
0,265,2.93
0,277,2.16
0,278,2.04
17,404,1.49
17,412,2.4
17,427,1.58
17,429,0.27
17,489,1.31
17,490,1.76
17,492,2.15
17,521,0.48
17,349,1.87
17,351,0.27
17,367,0.27
17,374,0.45
17,386,2.67
17,388,2.97
17,403,2.74
17,451,1.26
17,463,1.56
17,465,0.32
17,471,1.34
17,472,0.53
17,482,2.38
17,486,2.65
17,487,0.33
17,492,0.41
17,494,1.68
17,611,2.01
17,694,2.73
17,699,2.01
25,404,1.36
25,412,1.72
25,869,1.14
25,921,2.81
25,929,1.68
25,935,0.32
25,942,0.95
25,948,0.8
25,949,2.16
25,952,2.24
25,297,1.95
25,300,1.89
25,304,2.94
25,311,0.56
25,312,0.98
25,314,2.2
25,318,2.14
25,344,0.42
25,364,1.23
25,366,2.55
25,369,1.23
25,370,0.59
25,373,0.69
25,385,2.18
25,170,1.21
25,174,2.48
25,180,1.86
25,215,0.26
25,219,2.67
60,711,0.31
60,753,1.09
60,754,2.79
60,756,1.63
60,763,2.97
60,796,1.62
60,797,0.25
60,811,1.5
60,812,1.96
60,816,1.11
60,942,1.4
60,948,1.35
60,949,0.26
60,952,0.79
60,963,1.58
60,972,1.04
60,987,1.24
60,708,0.35
60,709,2.53
60,710,2.59
60,717,1.43
60,721,2.04
60,722,0.88
60,724,0.81
60,731,2.43
60,742,1.55
60,744,1.18
60,763,1.33
60,796,2.91
60,817,0.34
60,846,2.02
60,848,2.28
60,158,0.79
60,169,0.53
60,170,2.1
60,174,0.47
60,180,2.23
60,215,1.94
60,219,1.04
60,228,0.46
60,248,1.31
60,258,2.62
60,265,0.28
60,277,2.35
60,278,0.27
60,282,0.95
60,287,0.69
60,288,1.65
60,687,2.9
60,688,1.62
60,694,2.13
60,699,0.63
63,404,1.38
63,412,1.76
63,427,1.64
63,429,3
63,489,0.64
63,763,0.27
63,796,1.71
63,797,0.75
63,248,1.47
63,273,2.29
63,297,2.04
63,300,2.32
63,304,1.28
63,311,1.34
63,563,2.74
63,564,0.44
63,567,0.5
63,576,0.96
63,577,1.02
63,578,0.6
63,587,1.68
63,848,1.3
63,866,0.85
63,899,1.53
63,907,2.75
63,918,2.49
63,933,1.33
63,248,2.6
63,258,2.05
63,265,1.79
63,277,0.36
63,278,1.22
63,282,2.46
63,287,1.19
63,288,1.02
63,298,0.65
63,487,0.73
63,492,2.44
63,494,1.52
63,507,0.57
63,510,1.76
63,522,2.33
63,523,2.01
63,527,2.08
63,528,2.99
63,535,1.67
63,542,1.21
63,641,0.65
63,642,1.15
63,647,1.89
63,694,1.91
63,699,0.43
64,404,2.93
64,412,1.79
64,427,1.39
64,429,1.9
64,489,2.3
64,641,1.26
64,666,1.7
64,682,2.91
64,683,2.12
64,688,1.39
64,942,2.19
64,948,1.46
64,949,2.65
64,952,2.63
64,963,1.67
64,972,1.15
64,71,2.78
64,78,0.22
64,98,2.04
64,104,0.61
64,422,1.49
64,434,1.32
64,435,1.89
64,436,1.22
64,437,2.04
64,440,3.01
64,441,1.59
64,500,2.65
64,501,2.54
64,742,1.15
64,744,1.05
64,763,1.9
64,796,1.01
64,817,2.68
64,846,2.61
64,848,1.88
64,866,1.82
64,899,1.59
64,907,2.63
64,80,0.76
64,87,2.63
64,89,2.34
64,265,1.72
64,277,0.53
64,278,1.37
64,282,1.27
64,287,0.49
64,288,1.71
64,386,1.69
64,388,0.95
64,403,2.04
64,451,1.94
64,551,0.65
64,552,0.36
64,572,0.26
64,574,2.66
64,591,0.26
64,593,2.01
64,598,0.26
64,607,2.55
64,647,1.41
64,686,2.21
64,687,0.84
64,688,0.26
64,694,1.14
64,699,0.9
80,404,0.53
80,412,0.58
80,427,2.75
80,471,1.31
80,472,1.91
80,482,0.54
80,486,2.46
80,694,0.52
80,699,1.56
87,404,2.03
87,412,2.99
87,427,1.25
87,429,0.72
87,489,1.15
87,688,2.63
87,694,0.94
87,699,2.18
89,642,0.92
89,647,0.32
89,686,1.44
89,687,2.7
89,688,2.46
89,694,2.24
89,699,2.02
112,404,2.37
112,412,2.76
112,427,1.33
112,429,2.71
112,489,1.55
112,694,0.24
112,699,1.43
120,404,0.53
120,412,2.11
120,427,2.65
120,510,1.29
120,522,1.9
120,523,2.8
120,527,2.32
122,404,1.18
122,412,0.57
122,427,1.65
122,429,1.21
122,489,1.01
122,490,2.47
122,492,0.91
122,521,0.4
122,526,1.88
122,533,2.34
122,564,2.98
122,570,1.17
122,571,1.84
122,602,2.02
122,625,0.32
122,626,0.98
122,641,2.29
122,666,1.71
122,682,1.71
122,683,1.82
122,688,2.42
122,689,2.57
122,704,1.69
122,711,0.49
122,725,2.79
122,726,1.72
122,748,1.38
122,749,2.28
122,750,1.13
122,753,1.9
122,754,1.83
122,756,1.42
122,763,2.94
122,796,2.27
122,797,0.89
122,811,1.73
122,812,1.87
122,816,1
122,821,2.02
122,830,1.38
122,837,2.89
122,868,1.55
122,869,1.41
122,921,0.8
122,929,1.36
122,935,2.65
122,942,0.93
122,948,2.94
122,949,1.93
122,952,0.27
122,963,2.27
122,972,2.95
122,987,1.82
122,988,1.59
122,1,1.67
122,8,1
122,28,2.74
122,44,0.23
122,58,2.29
122,64,1.86
122,65,1.13
122,67,2.82
122,71,1.94
122,78,1.03
122,98,1.55
122,104,2.9
122,116,1.21
122,122,2.52
122,166,2.65
122,167,0.45
122,179,1.07
122,182,0.82
122,183,0.77
122,227,2.45
122,247,1.12
122,248,2.9
122,273,2.58
122,297,1.67
122,300,1.43
122,304,0.32
122,311,1.98
122,312,1.15
122,314,2.2
122,318,1.04
122,344,2.6
122,364,2.81
122,366,1.38
122,369,3.01
122,370,1.72
122,373,2.39
122,385,1.35
122,392,2.04
122,399,2.89
122,406,1.99
122,422,0.49
122,434,1.3
122,435,0.8
122,436,2.01
122,437,2.6
122,440,0.64
122,441,0.56
122,500,1.65
122,501,1.99
122,509,2.62
122,513,0.55
122,540,1.5
122,544,0.9
122,545,2.78
122,547,1.64
122,548,2.6
122,555,1.98
122,556,1.1
122,561,2.68
122,563,0.9
122,564,0.76
122,567,2.04
122,576,0.34
122,577,1.62
122,578,1.33
122,587,1.2
122,670,0.92
122,683,0.78
122,688,1.83
122,692,0.86
122,695,1.98
122,708,0.97
122,709,0.25
122,710,0.88
122,717,2.73
122,721,2.66
122,722,1.01
122,724,1.54
122,731,1.06
122,742,1.74
122,744,2.5
122,763,1.51
122,796,2.61
122,817,1.93
122,846,2.25
122,848,2.05
122,866,2.29
122,899,2.44
122,907,2.74
122,918,0.81
122,933,0.38
122,940,0.54
122,953,1.12
122,0,0.22
122,17,2.35
122,25,0.36
122,60,2.03
122,63,2.68
122,64,2.58
122,80,2.76
122,87,0.28
122,89,0.75
122,112,2.52
122,120,1.48
122,128,0.73
122,129,1.78
122,136,1.4
122,155,2.55
122,158,2.39
122,169,2.63
122,170,1.7
122,174,2.15
122,180,2.79
122,215,1.74
122,219,1.34
122,228,1.8
122,248,0.36
122,258,0.48
122,265,0.55
122,277,1.72
122,278,0.25
122,282,2.57
122,287,1.01
122,288,0.52
122,298,1.18
122,315,2.95
122,317,1.21
122,333,2.74
122,347,2.04
122,349,2.89
122,351,1.07
122,367,2.04
122,374,2.66
122,386,0.54
122,388,1.84
122,403,2.39
122,451,2.68
122,463,0.76
122,465,1.06
122,471,2.98
122,472,1.19
122,482,2.21
122,486,0.83
122,487,0.51
122,492,2
122,494,0.71
122,507,0.49
122,510,2.71
122,522,0.97
122,523,1.77
122,527,1.24
122,528,0.54
122,535,2.28
122,542,2.9
122,549,0.23
122,550,2.77
122,551,1.57
122,552,1.89
122,572,2.15
122,574,1.08
122,591,0.76
122,593,3
122,598,0.69
122,607,0.52
122,611,1.05
122,621,1.39
122,626,2.83
122,633,2.84
122,639,2.27
122,641,1.96
122,642,0.4
122,647,1.81
122,686,2.93
122,687,2.32
122,688,1.4
122,694,1.7
122,699,0.97
128,642,1.75
128,647,2.31
128,686,2.35
128,687,2.53
128,688,1.65
128,694,0.94
128,699,0.99
129,404,1.28
129,412,2.48
129,427,2.31
129,429,2.89
129,489,0.77
129,490,0.33
129,492,0.77
129,686,1.88
129,687,2.24
129,688,1.87
129,694,2.79
129,699,0.42
136,404,1.25
136,412,1.94
136,427,0.69
136,429,1.84
136,489,1.08
136,490,2.13
136,492,1.8
136,521,2.61
136,526,1.26
136,533,0.49
136,564,2.31
136,570,0.95
136,571,1.64
136,602,2.56
136,625,1.22
136,626,0.79
136,641,1.89
136,666,0.36
136,682,1.57
136,683,2.28
136,688,1.74
136,689,2.64
136,704,1.22
136,711,1.49
136,725,1.88
136,726,1.15
136,748,1.12
136,749,2.08
136,750,2.79
136,753,2.4
136,754,0.27
136,756,2.3
136,763,1.42
136,796,0.91
136,797,2.6
136,811,2.45
136,812,2.69
136,816,1.07
136,821,2.13
136,830,1.73
136,837,0.72
136,868,0.34
136,869,2.43
136,921,1.49
136,929,2.92
136,935,1.23
136,942,0.43
136,948,0.65
136,949,1.46
136,952,1.47
136,963,1.64
136,972,0.34
136,987,1.51
136,988,1.83
136,1,2.54
136,8,0.8
136,28,2.55
136,44,0.53
136,58,1.65
136,64,1.75
136,65,2.81
136,67,2.39
136,71,2.9
136,78,0.67
136,98,1.55
136,104,0.66
136,116,2.87
136,122,0.27
136,166,2.13
136,167,1.59
136,179,1.22
136,182,2.48
136,183,1.66
136,227,2.06
136,247,0.49
136,248,0.49
136,273,1.1
136,297,1.51
136,300,1.14
136,304,2.31
136,311,1.92
136,312,0.59
136,314,2.74
136,318,1.62
136,344,0.73
136,364,0.55
136,366,0.39
136,369,2.82
136,370,1.42
136,373,0.4
136,385,1.39
136,392,1.68
136,399,2.76
136,406,0.52
136,422,0.55
136,434,0.69
136,435,1.28
136,436,1.23
136,437,1.7
136,440,2.65
136,441,2.39
136,500,0.21
136,501,1.4
136,509,0.32
136,513,2.92
136,540,1.85
136,544,1.55
136,545,2.22
136,547,2.07
136,548,1.69
136,555,2.35
136,556,2.31
136,561,0.63
136,563,1.81
136,564,1.31
136,567,2.66
136,576,0.28
136,577,1.51
136,578,1.31
136,587,0.33
136,670,0.85
136,683,2.89
136,688,2.66
136,692,0.25
136,695,1.08
136,708,2.88
136,709,1.32
136,710,0.69
136,717,2.86
136,721,0.23
136,722,1.93
136,724,1.88
136,731,2.13
136,742,0.24
136,744,0.71
136,763,1.34
136,796,2.99
136,817,0.61
136,846,2.66
136,848,1.11
136,866,1.61
136,899,0.41
136,907,2.98
136,918,1.67
136,933,1.67
136,940,1.37
136,953,2.98
136,0,2.11
136,17,2.51
136,25,1.44
136,60,1.28
136,63,1.12
136,64,1.98
136,80,0.25
136,87,2.68
136,89,1.35
136,112,2.77
136,120,2.51
136,122,2.35
136,128,0.57
136,129,2.68
136,155,2.41
136,158,1.74
136,169,0.26
136,170,2.31
136,174,2.46
136,180,2.6
136,215,0.95
136,219,2.38
136,228,2.14
136,248,1.78
136,258,1.02
136,265,1.61
136,277,1.25
136,278,0.76
136,282,1.83
136,287,0.99
136,288,1.18
136,298,1.82
136,315,0.31
136,317,1.32
136,333,2.12
136,347,2.82
136,349,1.06
136,351,1.66
136,367,2.52
136,374,0.88
136,386,1.46
136,388,0.62
136,403,0.24
136,451,2.18
136,463,0.82
136,465,1.89
136,471,1.92
136,472,1.04
136,482,1.62
136,486,2.39
136,487,0.83
136,492,1
136,494,1.17
136,507,0.55
136,510,2.53
136,522,2.38
136,523,0.76
136,527,2.53
136,528,0.7
136,535,1.84
136,542,1.48
136,549,0.97
136,550,1.43
136,551,0.98
136,552,0.8
136,572,2.28
136,574,0.4
136,591,1.67
136,593,0.98
136,598,1.23
136,607,2.97
136,611,2.08
136,621,1.44
136,626,1.16
136,633,2.79
136,639,1.74
136,641,2.99
136,642,1.21
136,647,0.45
136,686,1.85
136,687,1.55
136,688,1.16
136,694,0.41
136,699,0.51
155,122,1.27
155,128,0.27
155,129,0.75
155,136,1.05
155,158,1.06
155,169,2.33
155,688,1.44
155,694,1.09
155,699,2.2
158,277,2.58
158,278,2.53
158,282,2
158,287,2.68
158,288,1.14
158,298,2.67
158,694,1.26
158,699,1.83
169,404,2.46
169,412,2.55
169,591,1.94
169,593,0.44
169,598,2.21
169,607,1.43
169,611,1.29
169,686,2.87
169,687,0.55
169,688,0.93
169,694,1.81
169,699,1.38
170,404,2.18
170,412,2.49
170,427,1
170,429,1.31
170,489,2.16
170,490,1.18
170,722,2.82
170,724,0.45
170,731,0.62
170,742,0.38
170,744,2.9
170,763,1.69
170,796,1.58
170,687,0.43
170,688,1.44
170,694,1.05
170,699,0.48
174,577,1.64
174,578,1.21
174,587,0.38
174,670,2.7
174,683,1.69
174,688,1.4
174,692,2.21
174,694,2.6
174,699,1.9
180,404,0.71
180,412,2.7
180,427,2
180,429,0.81
180,489,2.17
180,688,1.09
180,694,0.5
180,699,1.58
215,404,0.25
215,412,1.87
215,427,2.59
215,429,2.47
215,489,2.1
215,633,2.75
215,639,0.53
215,641,0.88
215,642,0.34
215,647,2.39
215,686,0.44
219,404,2.26
219,412,2.14
219,427,0.22
219,429,1.45
219,687,2.64
219,688,2.17
219,694,2.78
219,699,1.02
228,404,1.72
228,412,1.24
228,427,0.48
228,642,1.12
228,647,2.11
228,686,2.45
248,404,1.25
248,412,2.26
248,427,0.52
248,429,0.28
248,621,2.84
248,626,0.37
248,633,0.88
248,639,2.33
248,641,2.92
248,642,0.97
248,647,2.95
248,686,2.08
248,687,0.53
248,688,1.37
248,694,0.26
248,699,1.25
258,315,1.92
258,317,2.45
258,333,1.44
258,347,2.57
258,349,2.57
258,351,2.08
258,688,0.99
258,694,0.54
258,699,1.45
265,953,2.37
265,0,2.22
265,17,1.04
265,25,0.2
265,60,1.61
265,63,1.22
265,64,0.55
265,80,1.6
265,87,1.15
265,89,0.5
265,482,1.24
265,486,0.55
265,642,1.66
265,647,0.83
265,686,0.55
265,687,2.48
265,688,0.92
265,694,1.19
265,699,2.9
277,642,2.2
277,647,0.3
277,686,1.43
277,687,2.49
277,688,2.68
277,694,0.91
277,699,2.59
278,404,1.96
278,412,1.67
278,427,1.21
278,535,2.69
278,542,1.09
278,549,0.89
278,550,0.88
278,551,1.84
278,552,1.63
278,572,0.42
278,574,2.36
278,591,0.72
278,593,1.4
278,694,0.49
278,699,1.11
282,749,2.28
282,750,0.77
282,753,1.54
282,754,0.51
282,756,1.72
282,278,2.4
282,287,0.47
282,288,1.4
282,298,1.09
282,492,2.56
282,494,2.32
282,507,1.57
282,510,1.7
282,522,1.88
282,523,2.94
282,527,1.8
282,688,2.15
282,694,2.91
282,699,2.78
287,404,2.9
287,412,1.76
287,427,0.99
287,429,1.57
287,527,2.9
287,528,0.39
287,535,0.44
287,542,1.47
287,549,2.38
287,550,1.54
287,688,0.3
287,694,1.93
287,699,1.95
288,298,2.22
288,315,1.11
288,317,2.11
288,333,0.59
288,347,1.97
288,349,0.84
288,593,2.03
288,598,1.65
288,607,1.37
288,611,2.15
288,621,1.88
288,626,1.84
288,633,2.24
288,639,1.44
288,641,1.75
288,699,1.74
298,404,0.56
298,412,1.59
298,427,0.87
298,429,2.81
298,489,2.45
315,404,1.77
315,412,2.88
315,427,2.29
315,429,1.32
315,489,1.8
315,490,0.42
315,492,0.65
315,641,0.63
315,699,0.89
317,404,2.08
317,412,2.41
317,427,0.74
317,429,2.7
317,392,2.88
317,399,1.94
317,406,1.51
317,422,2.22
317,434,0.4
317,435,0.5
317,953,3
317,0,2.02
317,17,1.38
317,25,2.6
317,60,1.54
317,63,0.91
317,64,2.12
317,642,1.51
317,699,2.77
333,404,2.16
333,412,0.28
333,427,0.69
333,388,0.73
333,403,2.74
333,451,1.3
333,463,2.85
333,465,1.44
333,471,2.82
333,472,0.69
333,482,0.88
333,486,2.58
347,429,2.6
347,489,0.63
349,837,1.41
349,868,1.37
349,869,2.66
349,921,0.76
349,929,1.08
349,935,0.64
349,688,2.28
349,694,1.49
349,699,2.19
351,404,0.71
351,412,2.47
351,427,2.18
351,386,2.84
351,388,1.57
351,403,2.35
351,451,1.89
351,463,2.4
351,465,0.45
351,471,2.41
351,472,1.02
351,482,2.12
351,552,1.59
351,572,2.4
351,574,1.61
351,591,0.29
351,642,1.46
351,647,2.8
351,686,0.78
351,687,2.8
351,688,0.32
351,694,0.38
351,699,1.06
367,404,1.16
367,412,2.75
367,427,1.24
367,429,2.85
367,489,0.3
367,490,0.93
367,492,0.93
374,709,0.56
374,710,2.37
374,717,1.87
374,721,1.08
374,722,1.02
374,724,2.65
374,80,0.65
374,87,1.52
374,89,2.16
374,112,2.23
374,120,2.89
374,122,0.24
374,128,1.6
374,129,0.94
374,136,2.36
374,317,2.16
374,333,2.39
374,347,2.84
374,349,2.14
374,351,1.4
374,367,0.69
374,688,0.74
374,694,1.86
374,699,1.39
386,404,0.24
386,412,1.34
386,427,1.46
386,429,1.93
386,489,1.34
388,297,3
388,300,2.07
388,304,1.34
388,311,1.29
388,312,1.63
388,129,1.03
388,136,1.7
388,155,2.36
388,158,2.05
388,169,2.67
388,170,1.6
388,174,3
388,694,1.62
388,699,1.31
403,404,0.45
403,412,2.59
403,427,0.84
403,510,0.4
403,522,0.4
403,523,1.96
403,527,1.56
403,528,2.38
403,642,0.99
403,647,1.99
403,686,2.7
403,687,0.49
403,688,2.29
403,694,1.42
403,699,0.79
451,404,0.96
451,412,0.5
451,523,1.66
451,527,1.5
451,528,0.4
451,535,2.62
451,641,2.64
451,642,0.7
451,647,2.72
451,686,2.25
451,687,1.43
451,688,0.54
451,694,1.14
451,699,2.53
463,404,0.59
463,412,0.95
463,427,1.27
463,687,0.89
463,688,1.91
463,694,1.83
463,699,2.08
465,404,2.5
465,412,2.5
465,427,1.36
465,429,0.33
465,489,1.13
465,490,1.9
465,699,2.54
471,404,0.41
471,412,0.96
471,427,0.46
471,429,2.49
471,489,2.34
471,490,1.65
471,492,2.04
471,521,1.52
471,633,1.46
471,639,0.65
471,641,0.77
471,642,2.2
471,647,2.16
471,686,2.72
471,687,2.37
471,688,2.74
471,694,2.14
471,699,1.59
472,404,1.68
472,412,0.99
472,688,1.55
472,694,1.08
472,699,2.93
482,404,2.22
482,412,2.29
482,694,0.86
482,699,0.31
486,333,0.21
486,347,1.9
486,349,2.39
486,351,1.67
486,367,2.8
486,694,2.69
486,699,0.51
487,404,2.63
487,412,0.99
487,427,0.69
487,429,1.59
487,489,0.79
492,929,2.84
492,935,1.5
492,942,0.48
492,694,2.09
492,699,0.84
494,404,0.77
494,412,2.43
494,427,0.66
507,440,0.34
507,441,1.11
507,500,0.34
510,921,2.43
510,929,2.46
510,935,1.58
510,942,1.45
510,948,2.94
510,949,2.73
522,641,0.54
522,642,1.3
522,647,0.42
522,686,1.46
522,687,0.83
522,688,2.12
522,694,1.97
522,699,2.31
523,404,2.12
523,412,1.48
523,427,0.6
523,429,2.99
523,489,2.66
523,694,2.17
523,699,1.49
527,404,2.32
527,412,2.59
527,427,1.71
527,429,2.31
527,688,2.18
527,694,1.33
527,699,1.79
528,404,2.98
528,412,2.79
528,427,2.11
528,429,0.69
535,692,0.97
535,695,2.62
535,708,0.78
535,694,1.06
535,699,0.21
542,404,1.16
542,412,1.54
542,427,1.06
549,724,1.03
549,731,0.38
549,742,2.72
549,744,0.73
549,694,2.37
549,699,1.71
550,404,0.38
550,412,2.93
550,427,2.98
550,429,0.62
550,489,2.16
550,688,0.3
550,694,2.52
550,699,1.53
551,404,1.36
551,412,0.61
551,427,2.24
551,429,1.09
551,489,1.61
551,490,0.93
552,797,2.06
552,811,0.85
552,812,0.96
552,816,1.2
552,821,0.73
552,830,1.19
552,837,0.41
572,521,2.84
572,526,1.55
572,533,0.65
572,564,0.64
572,570,0.83
572,571,1.04
572,699,1.54
574,347,0.69
574,349,0.34
574,351,2.15
574,367,2.03
574,374,0.34
574,386,0.83
574,647,1.21
574,686,0.22
574,687,1.34
574,688,1.27
574,694,1.29
574,699,0.89
591,404,2.93
591,412,0.48
591,427,0.82
591,688,1.63
591,694,1.6
591,699,2.65
593,404,2.74
593,412,2.41
593,427,2.7
593,429,0.97
593,574,2.99
593,591,1.14
593,598,1.08
593,607,1.07
593,611,2.21
593,621,2.33
593,641,2.31
593,642,0.55
593,647,0.75
593,686,1.85
593,687,0.31
593,688,1.52
593,694,2.36
593,699,1.04
598,404,2.6
598,412,1.46
598,591,1.25
598,593,1.13
598,607,1.72
598,611,0.52
598,621,1.49
598,626,0.61
598,694,1.59
598,699,0.97
607,298,0.58
607,315,1.52
607,317,0.4
607,333,1.84
607,347,0.28
607,349,2.84
607,351,2.81
611,699,0.36
621,404,0.84
621,489,2.76
621,704,2.93
621,711,2.83
621,725,0.28
621,726,0.79
621,748,2.96
621,486,2.32
621,487,1.11
621,492,0.44
621,494,0.39
621,507,1
621,510,1.14
626,754,1.6
626,756,1
626,763,1.98
626,796,0.61
626,797,2.67
626,811,0.36
626,812,2.54
626,816,0.92
626,821,2.05
626,830,1.93
626,837,2.16
626,298,0.55
626,522,1.66
626,523,0.3
626,527,1.55
626,528,1.96
626,535,1.41
626,542,0.81
626,549,1.49
626,550,1.26
626,641,2.44
626,642,1.39
626,647,2.82
626,686,2.09
626,687,1.17
626,688,1.82
626,694,1.07
626,699,0.95
633,404,1.89
633,641,1.68
633,642,2.1
633,647,2.38
633,686,1.64
633,687,0.59
633,688,2.84
633,694,2.87
633,699,1.17
639,694,1.32
639,699,2.68
641,404,0.89
641,412,0.63
641,427,0.58
641,429,0.21
641,489,0.62
642,987,2.9
642,988,1.98
642,1,1.56
642,8,1.66
642,28,0.44
642,44,0.38
642,58,0.36
642,540,1.93
642,544,2.93
642,545,1.43
642,547,0.61
642,548,2
642,731,1.4
642,742,2.72
642,744,2.75
642,763,0.28
642,796,2.72
642,817,1.74
642,846,0.28
642,848,2.26
642,866,2.65
642,899,1.95
642,907,0.3
642,918,0.85
642,933,0.32
642,940,1.24
642,953,0.97
642,0,1.15
642,17,1.68
647,404,1.41
647,412,1.88
647,427,2.76
647,429,2.92
647,489,1.61
647,490,2.26
686,404,2.27
686,412,1.64
686,427,1.95
686,694,1.27
686,699,2.45
687,688,1.67
687,694,1.56
687,699,1
688,404,0.95
688,412,2.58
688,647,1.73
688,686,2.78
688,687,2.42
688,694,1.2
688,699,1.76
694,404,2.92
694,412,2.04
694,427,0.22
694,429,0.56
694,489,2.76
694,490,0.42
694,367,2.13
694,374,0.34
694,386,2.74
694,388,2.85
694,403,2.23
694,451,1.97
694,463,1.15
699,404,1.7
699,412,2.54
699,427,2.39
699,429,0.44
699,489,2.01
699,490,2.27
699,492,1.9
699,521,0.89
699,647,2.99
699,686,0.86
699,687,1.53
699,688,1.74
699,694,2.76
